68.800003 0.000000 0.000000 0.000000 0.000000 0.000000 0.000000 0.000000 0.000000 0.000000 0.000000 0.000000 0.000000 0.000000 0.000000 0.000000 0.000000 0.000000 0.000000 0.000000
68.800003 79.800003 0.000000 0.000000 0.000000 0.000000 0.000000 0.000000 0.000000 0.000000 0.000000 0.000000 0.000000 0.000000 0.000000 0.000000 0.000000 0.000000 0.000000 0.000000
68.800003 79.800003 81.800003 0.000000 0.000000 0.000000 0.000000 0.000000 0.000000 0.000000 0.000000 0.000000 0.000000 0.000000 0.000000 0.000000 0.000000 0.000000 0.000000 0.000000
68.800003 79.800003 81.800003 65.000000 0.000000 0.000000 0.000000 0.000000 0.000000 0.000000 0.000000 0.000000 0.000000 0.000000 0.000000 0.000000 0.000000 0.000000 0.000000 0.000000
68.800003 79.800003 81.800003 65.000000 80.000000 0.000000 0.000000 0.000000 0.000000 0.000000 0.000000 0.000000 0.000000 0.000000 0.000000 0.000000 0.000000 0.000000 0.000000 0.000000
68.800003 79.800003 81.800003 65.000000 80.000000 59.799999 0.000000 0.000000 0.000000 0.000000 0.000000 0.000000 0.000000 0.000000 0.000000 0.000000 0.000000 0.000000 0.000000 0.000000
68.800003 79.800003 81.800003 65.000000 80.000000 59.799999 73.400002 0.000000 0.000000 0.000000 0.000000 0.000000 0.000000 0.000000 0.000000 0.000000 0.000000 0.000000 0.000000 0.000000
68.800003 79.800003 81.800003 65.000000 80.000000 59.799999 73.400002 85.800003 0.000000 0.000000 0.000000 0.000000 0.000000 0.000000 0.000000 0.000000 0.000000 0.000000 0.000000 0.000000
68.800003 79.800003 81.800003 65.000000 80.000000 59.799999 73.400002 85.800003 76.199997 0.000000 0.000000 0.000000 0.000000 0.000000 0.000000 0.000000 0.000000 0.000000 0.000000 0.000000
68.800003 79.800003 81.800003 65.000000 80.000000 59.799999 73.400002 85.800003 76.199997 56.000000 0.000000 0.000000 0.000000 0.000000 0.000000 0.000000 0.000000 0.000000 0.000000 0.000000
68.800003 79.800003 81.800003 65.000000 80.000000 59.799999 73.400002 85.800003 76.199997 56.000000 60.200001 0.000000 0.000000 0.000000 0.000000 0.000000 0.000000 0.000000 0.000000 0.000000
68.800003 79.800003 81.800003 65.000000 80.000000 59.799999 73.400002 85.800003 76.199997 56.000000 60.200001 73.599998 0.000000 0.000000 0.000000 0.000000 0.000000 0.000000 0.000000 0.000000
68.800003 79.800003 81.800003 65.000000 80.000000 59.799999 73.400002 85.800003 76.199997 56.000000 60.200001 73.599998 85.599998 0.000000 0.000000 0.000000 0.000000 0.000000 0.000000 0.000000
68.800003 79.800003 81.800003 65.000000 80.000000 59.799999 73.400002 85.800003 76.199997 56.000000 60.200001 73.599998 85.599998 76.199997 0.000000 0.000000 0.000000 0.000000 0.000000 0.000000
68.800003 79.800003 81.800003 65.000000 80.000000 59.799999 73.400002 85.800003 76.199997 56.000000 60.200001 73.599998 85.599998 76.199997 64.199997 0.000000 0.000000 0.000000 0.000000 0.000000
68.800003 79.800003 81.800003 65.000000 80.000000 59.799999 73.400002 85.800003 76.199997 56.000000 60.200001 73.599998 85.599998 76.199997 64.199997 84.400002 0.000000 0.000000 0.000000 0.000000
68.800003 79.800003 81.800003 65.000000 80.000000 59.799999 73.400002 85.800003 76.199997 56.000000 60.200001 73.599998 85.599998 76.199997 64.199997 84.400002 67.400002 0.000000 0.000000 0.000000
68.800003 79.800003 81.800003 65.000000 80.000000 59.799999 73.400002 85.800003 76.199997 56.000000 60.200001 73.599998 85.599998 76.199997 64.199997 84.400002 67.400002 82.400002 0.000000 0.000000
68.800003 79.800003 81.800003 65.000000 80.000000 59.799999 73.400002 85.800003 76.199997 56.000000 60.200001 73.599998 85.599998 76.199997 64.199997 84.400002 67.400002 82.400002 76.599998 0.000000
68.800003 79.800003 81.800003 65.000000 80.000000 59.799999 73.400002 85.800003 76.199997 56.000000 60.200001 73.599998 85.599998 76.199997 64.199997 84.400002 67.400002 82.400002 76.599998 68.599998
