67.199997 0.000000 0.000000 0.000000 0.000000 0.000000 0.000000 0.000000 0.000000 0.000000 0.000000 0.000000 0.000000 0.000000 0.000000 0.000000 0.000000 0.000000 0.000000 0.000000
67.199997 72.199997 0.000000 0.000000 0.000000 0.000000 0.000000 0.000000 0.000000 0.000000 0.000000 0.000000 0.000000 0.000000 0.000000 0.000000 0.000000 0.000000 0.000000 0.000000
67.199997 72.199997 81.400002 0.000000 0.000000 0.000000 0.000000 0.000000 0.000000 0.000000 0.000000 0.000000 0.000000 0.000000 0.000000 0.000000 0.000000 0.000000 0.000000 0.000000
67.199997 72.199997 81.400002 81.199997 0.000000 0.000000 0.000000 0.000000 0.000000 0.000000 0.000000 0.000000 0.000000 0.000000 0.000000 0.000000 0.000000 0.000000 0.000000 0.000000
67.199997 72.199997 81.400002 81.199997 80.599998 0.000000 0.000000 0.000000 0.000000 0.000000 0.000000 0.000000 0.000000 0.000000 0.000000 0.000000 0.000000 0.000000 0.000000 0.000000
67.199997 72.199997 81.400002 81.199997 80.599998 86.599998 0.000000 0.000000 0.000000 0.000000 0.000000 0.000000 0.000000 0.000000 0.000000 0.000000 0.000000 0.000000 0.000000 0.000000
67.199997 72.199997 81.400002 81.199997 80.599998 86.599998 78.599998 0.000000 0.000000 0.000000 0.000000 0.000000 0.000000 0.000000 0.000000 0.000000 0.000000 0.000000 0.000000 0.000000
67.199997 72.199997 81.400002 81.199997 80.599998 86.599998 78.599998 66.800003 0.000000 0.000000 0.000000 0.000000 0.000000 0.000000 0.000000 0.000000 0.000000 0.000000 0.000000 0.000000
67.199997 72.199997 81.400002 81.199997 80.599998 86.599998 78.599998 66.800003 68.800003 0.000000 0.000000 0.000000 0.000000 0.000000 0.000000 0.000000 0.000000 0.000000 0.000000 0.000000
67.199997 72.199997 81.400002 81.199997 80.599998 86.599998 78.599998 66.800003 68.800003 68.199997 0.000000 0.000000 0.000000 0.000000 0.000000 0.000000 0.000000 0.000000 0.000000 0.000000
67.199997 72.199997 81.400002 81.199997 80.599998 86.599998 78.599998 66.800003 68.800003 68.199997 87.000000 0.000000 0.000000 0.000000 0.000000 0.000000 0.000000 0.000000 0.000000 0.000000
67.199997 72.199997 81.400002 81.199997 80.599998 86.599998 78.599998 66.800003 68.800003 68.199997 87.000000 67.199997 0.000000 0.000000 0.000000 0.000000 0.000000 0.000000 0.000000 0.000000
67.199997 72.199997 81.400002 81.199997 80.599998 86.599998 78.599998 66.800003 68.800003 68.199997 87.000000 67.199997 71.599998 0.000000 0.000000 0.000000 0.000000 0.000000 0.000000 0.000000
67.199997 72.199997 81.400002 81.199997 80.599998 86.599998 78.599998 66.800003 68.800003 68.199997 87.000000 67.199997 71.599998 47.799999 0.000000 0.000000 0.000000 0.000000 0.000000 0.000000
67.199997 72.199997 81.400002 81.199997 80.599998 86.599998 78.599998 66.800003 68.800003 68.199997 87.000000 67.199997 71.599998 47.799999 65.800003 0.000000 0.000000 0.000000 0.000000 0.000000
67.199997 72.199997 81.400002 81.199997 80.599998 86.599998 78.599998 66.800003 68.800003 68.199997 87.000000 67.199997 71.599998 47.799999 65.800003 80.599998 0.000000 0.000000 0.000000 0.000000
67.199997 72.199997 81.400002 81.199997 80.599998 86.599998 78.599998 66.800003 68.800003 68.199997 87.000000 67.199997 71.599998 47.799999 65.800003 80.599998 63.200001 0.000000 0.000000 0.000000
67.199997 72.199997 81.400002 81.199997 80.599998 86.599998 78.599998 66.800003 68.800003 68.199997 87.000000 67.199997 71.599998 47.799999 65.800003 80.599998 63.200001 77.800003 0.000000 0.000000
67.199997 72.199997 81.400002 81.199997 80.599998 86.599998 78.599998 66.800003 68.800003 68.199997 87.000000 67.199997 71.599998 47.799999 65.800003 80.599998 63.200001 77.800003 81.599998 0.000000
67.199997 72.199997 81.400002 81.199997 80.599998 86.599998 78.599998 66.800003 68.800003 68.199997 87.000000 67.199997 71.599998 47.799999 65.800003 80.599998 63.200001 77.800003 81.599998 64.800003
