82.000000 0.000000 0.000000 0.000000 0.000000 0.000000 0.000000 0.000000 0.000000 0.000000 0.000000 0.000000 0.000000 0.000000 0.000000 0.000000 0.000000 0.000000 0.000000 0.000000
82.000000 78.400002 0.000000 0.000000 0.000000 0.000000 0.000000 0.000000 0.000000 0.000000 0.000000 0.000000 0.000000 0.000000 0.000000 0.000000 0.000000 0.000000 0.000000 0.000000
82.000000 78.400002 73.000000 0.000000 0.000000 0.000000 0.000000 0.000000 0.000000 0.000000 0.000000 0.000000 0.000000 0.000000 0.000000 0.000000 0.000000 0.000000 0.000000 0.000000
82.000000 78.400002 73.000000 60.799999 0.000000 0.000000 0.000000 0.000000 0.000000 0.000000 0.000000 0.000000 0.000000 0.000000 0.000000 0.000000 0.000000 0.000000 0.000000 0.000000
82.000000 78.400002 73.000000 60.799999 52.799999 0.000000 0.000000 0.000000 0.000000 0.000000 0.000000 0.000000 0.000000 0.000000 0.000000 0.000000 0.000000 0.000000 0.000000 0.000000
82.000000 78.400002 73.000000 60.799999 52.799999 63.400002 0.000000 0.000000 0.000000 0.000000 0.000000 0.000000 0.000000 0.000000 0.000000 0.000000 0.000000 0.000000 0.000000 0.000000
82.000000 78.400002 73.000000 60.799999 52.799999 63.400002 74.599998 0.000000 0.000000 0.000000 0.000000 0.000000 0.000000 0.000000 0.000000 0.000000 0.000000 0.000000 0.000000 0.000000
82.000000 78.400002 73.000000 60.799999 52.799999 63.400002 74.599998 69.199997 0.000000 0.000000 0.000000 0.000000 0.000000 0.000000 0.000000 0.000000 0.000000 0.000000 0.000000 0.000000
82.000000 78.400002 73.000000 60.799999 52.799999 63.400002 74.599998 69.199997 84.599998 0.000000 0.000000 0.000000 0.000000 0.000000 0.000000 0.000000 0.000000 0.000000 0.000000 0.000000
82.000000 78.400002 73.000000 60.799999 52.799999 63.400002 74.599998 69.199997 84.599998 56.200001 0.000000 0.000000 0.000000 0.000000 0.000000 0.000000 0.000000 0.000000 0.000000 0.000000
82.000000 78.400002 73.000000 60.799999 52.799999 63.400002 74.599998 69.199997 84.599998 56.200001 75.800003 0.000000 0.000000 0.000000 0.000000 0.000000 0.000000 0.000000 0.000000 0.000000
82.000000 78.400002 73.000000 60.799999 52.799999 63.400002 74.599998 69.199997 84.599998 56.200001 75.800003 66.000000 0.000000 0.000000 0.000000 0.000000 0.000000 0.000000 0.000000 0.000000
82.000000 78.400002 73.000000 60.799999 52.799999 63.400002 74.599998 69.199997 84.599998 56.200001 75.800003 66.000000 82.400002 0.000000 0.000000 0.000000 0.000000 0.000000 0.000000 0.000000
82.000000 78.400002 73.000000 60.799999 52.799999 63.400002 74.599998 69.199997 84.599998 56.200001 75.800003 66.000000 82.400002 60.000000 0.000000 0.000000 0.000000 0.000000 0.000000 0.000000
82.000000 78.400002 73.000000 60.799999 52.799999 63.400002 74.599998 69.199997 84.599998 56.200001 75.800003 66.000000 82.400002 60.000000 85.599998 0.000000 0.000000 0.000000 0.000000 0.000000
82.000000 78.400002 73.000000 60.799999 52.799999 63.400002 74.599998 69.199997 84.599998 56.200001 75.800003 66.000000 82.400002 60.000000 85.599998 70.599998 0.000000 0.000000 0.000000 0.000000
82.000000 78.400002 73.000000 60.799999 52.799999 63.400002 74.599998 69.199997 84.599998 56.200001 75.800003 66.000000 82.400002 60.000000 85.599998 70.599998 79.199997 0.000000 0.000000 0.000000
82.000000 78.400002 73.000000 60.799999 52.799999 63.400002 74.599998 69.199997 84.599998 56.200001 75.800003 66.000000 82.400002 60.000000 85.599998 70.599998 79.199997 72.000000 0.000000 0.000000
82.000000 78.400002 73.000000 60.799999 52.799999 63.400002 74.599998 69.199997 84.599998 56.200001 75.800003 66.000000 82.400002 60.000000 85.599998 70.599998 79.199997 72.000000 85.599998 0.000000
82.000000 78.400002 73.000000 60.799999 52.799999 63.400002 74.599998 69.199997 84.599998 56.200001 75.800003 66.000000 82.400002 60.000000 85.599998 70.599998 79.199997 72.000000 85.599998 64.199997
