76.800003 0.000000 0.000000 0.000000 0.000000 0.000000 0.000000 0.000000 0.000000 0.000000 0.000000 0.000000 0.000000 0.000000 0.000000 0.000000 0.000000 0.000000 0.000000 0.000000
76.800003 90.599998 0.000000 0.000000 0.000000 0.000000 0.000000 0.000000 0.000000 0.000000 0.000000 0.000000 0.000000 0.000000 0.000000 0.000000 0.000000 0.000000 0.000000 0.000000
76.800003 90.599998 75.000000 0.000000 0.000000 0.000000 0.000000 0.000000 0.000000 0.000000 0.000000 0.000000 0.000000 0.000000 0.000000 0.000000 0.000000 0.000000 0.000000 0.000000
76.800003 90.599998 75.000000 69.400002 0.000000 0.000000 0.000000 0.000000 0.000000 0.000000 0.000000 0.000000 0.000000 0.000000 0.000000 0.000000 0.000000 0.000000 0.000000 0.000000
76.800003 90.599998 75.000000 69.400002 73.199997 0.000000 0.000000 0.000000 0.000000 0.000000 0.000000 0.000000 0.000000 0.000000 0.000000 0.000000 0.000000 0.000000 0.000000 0.000000
76.800003 90.599998 75.000000 69.400002 73.199997 86.000000 0.000000 0.000000 0.000000 0.000000 0.000000 0.000000 0.000000 0.000000 0.000000 0.000000 0.000000 0.000000 0.000000 0.000000
76.800003 90.599998 75.000000 69.400002 73.199997 86.000000 77.800003 0.000000 0.000000 0.000000 0.000000 0.000000 0.000000 0.000000 0.000000 0.000000 0.000000 0.000000 0.000000 0.000000
76.800003 90.599998 75.000000 69.400002 73.199997 86.000000 77.800003 59.599998 0.000000 0.000000 0.000000 0.000000 0.000000 0.000000 0.000000 0.000000 0.000000 0.000000 0.000000 0.000000
76.800003 90.599998 75.000000 69.400002 73.199997 86.000000 77.800003 59.599998 59.200001 0.000000 0.000000 0.000000 0.000000 0.000000 0.000000 0.000000 0.000000 0.000000 0.000000 0.000000
76.800003 90.599998 75.000000 69.400002 73.199997 86.000000 77.800003 59.599998 59.200001 82.800003 0.000000 0.000000 0.000000 0.000000 0.000000 0.000000 0.000000 0.000000 0.000000 0.000000
76.800003 90.599998 75.000000 69.400002 73.199997 86.000000 77.800003 59.599998 59.200001 82.800003 91.800003 0.000000 0.000000 0.000000 0.000000 0.000000 0.000000 0.000000 0.000000 0.000000
76.800003 90.599998 75.000000 69.400002 73.199997 86.000000 77.800003 59.599998 59.200001 82.800003 91.800003 66.400002 0.000000 0.000000 0.000000 0.000000 0.000000 0.000000 0.000000 0.000000
76.800003 90.599998 75.000000 69.400002 73.199997 86.000000 77.800003 59.599998 59.200001 82.800003 91.800003 66.400002 69.400002 0.000000 0.000000 0.000000 0.000000 0.000000 0.000000 0.000000
76.800003 90.599998 75.000000 69.400002 73.199997 86.000000 77.800003 59.599998 59.200001 82.800003 91.800003 66.400002 69.400002 57.400002 0.000000 0.000000 0.000000 0.000000 0.000000 0.000000
76.800003 90.599998 75.000000 69.400002 73.199997 86.000000 77.800003 59.599998 59.200001 82.800003 91.800003 66.400002 69.400002 57.400002 74.800003 0.000000 0.000000 0.000000 0.000000 0.000000
76.800003 90.599998 75.000000 69.400002 73.199997 86.000000 77.800003 59.599998 59.200001 82.800003 91.800003 66.400002 69.400002 57.400002 74.800003 78.199997 0.000000 0.000000 0.000000 0.000000
76.800003 90.599998 75.000000 69.400002 73.199997 86.000000 77.800003 59.599998 59.200001 82.800003 91.800003 66.400002 69.400002 57.400002 74.800003 78.199997 83.000000 0.000000 0.000000 0.000000
76.800003 90.599998 75.000000 69.400002 73.199997 86.000000 77.800003 59.599998 59.200001 82.800003 91.800003 66.400002 69.400002 57.400002 74.800003 78.199997 83.000000 62.000000 0.000000 0.000000
76.800003 90.599998 75.000000 69.400002 73.199997 86.000000 77.800003 59.599998 59.200001 82.800003 91.800003 66.400002 69.400002 57.400002 74.800003 78.199997 83.000000 62.000000 64.599998 0.000000
76.800003 90.599998 75.000000 69.400002 73.199997 86.000000 77.800003 59.599998 59.200001 82.800003 91.800003 66.400002 69.400002 57.400002 74.800003 78.199997 83.000000 62.000000 64.599998 73.000000
