62.799999 0.000000 0.000000 0.000000 0.000000 0.000000 0.000000 0.000000 0.000000 0.000000 0.000000 0.000000 0.000000 0.000000 0.000000 0.000000 0.000000 0.000000 0.000000 0.000000
62.599998 62.400002 0.000000 0.000000 0.000000 0.000000 0.000000 0.000000 0.000000 0.000000 0.000000 0.000000 0.000000 0.000000 0.000000 0.000000 0.000000 0.000000 0.000000 0.000000
62.799999 62.400002 67.199997 0.000000 0.000000 0.000000 0.000000 0.000000 0.000000 0.000000 0.000000 0.000000 0.000000 0.000000 0.000000 0.000000 0.000000 0.000000 0.000000 0.000000
62.799999 62.400002 67.199997 88.000000 0.000000 0.000000 0.000000 0.000000 0.000000 0.000000 0.000000 0.000000 0.000000 0.000000 0.000000 0.000000 0.000000 0.000000 0.000000 0.000000
62.799999 62.400002 67.199997 88.000000 73.800003 0.000000 0.000000 0.000000 0.000000 0.000000 0.000000 0.000000 0.000000 0.000000 0.000000 0.000000 0.000000 0.000000 0.000000 0.000000
62.799999 62.400002 67.199997 88.000000 73.800003 72.000000 0.000000 0.000000 0.000000 0.000000 0.000000 0.000000 0.000000 0.000000 0.000000 0.000000 0.000000 0.000000 0.000000 0.000000
62.799999 62.400002 67.199997 88.000000 73.800003 72.000000 80.000000 0.000000 0.000000 0.000000 0.000000 0.000000 0.000000 0.000000 0.000000 0.000000 0.000000 0.000000 0.000000 0.000000
62.799999 62.400002 67.199997 88.000000 73.800003 72.000000 80.000000 57.599998 0.000000 0.000000 0.000000 0.000000 0.000000 0.000000 0.000000 0.000000 0.000000 0.000000 0.000000 0.000000
62.799999 62.400002 67.199997 88.000000 73.800003 72.000000 80.000000 57.599998 70.599998 0.000000 0.000000 0.000000 0.000000 0.000000 0.000000 0.000000 0.000000 0.000000 0.000000 0.000000
62.799999 62.400002 67.199997 88.000000 73.800003 72.000000 80.000000 57.599998 70.599998 81.199997 0.000000 0.000000 0.000000 0.000000 0.000000 0.000000 0.000000 0.000000 0.000000 0.000000
62.799999 62.400002 67.199997 88.000000 73.800003 72.000000 80.000000 57.599998 70.599998 81.199997 81.599998 0.000000 0.000000 0.000000 0.000000 0.000000 0.000000 0.000000 0.000000 0.000000
62.799999 62.400002 67.199997 88.000000 73.800003 72.000000 80.000000 57.599998 70.599998 81.199997 81.599998 70.599998 0.000000 0.000000 0.000000 0.000000 0.000000 0.000000 0.000000 0.000000
62.799999 62.400002 67.199997 88.000000 73.800003 72.000000 80.000000 57.599998 70.599998 81.199997 81.599998 70.599998 83.800003 0.000000 0.000000 0.000000 0.000000 0.000000 0.000000 0.000000
62.799999 62.400002 67.199997 88.000000 73.800003 72.000000 80.000000 57.599998 70.599998 81.199997 81.599998 70.599998 83.800003 84.000000 0.000000 0.000000 0.000000 0.000000 0.000000 0.000000
62.799999 62.400002 67.199997 88.000000 73.800003 72.000000 80.000000 57.599998 70.599998 81.199997 81.599998 70.599998 83.800003 84.000000 72.800003 0.000000 0.000000 0.000000 0.000000 0.000000
62.799999 62.400002 67.199997 88.000000 73.800003 72.000000 80.000000 57.599998 70.599998 81.199997 81.599998 70.599998 83.800003 84.000000 72.800003 83.400002 0.000000 0.000000 0.000000 0.000000
62.799999 62.400002 67.199997 88.000000 73.800003 72.000000 80.000000 57.599998 70.599998 81.199997 81.599998 70.599998 83.800003 84.000000 72.800003 83.400002 58.000000 0.000000 0.000000 0.000000
62.799999 62.400002 67.199997 88.000000 73.800003 72.000000 80.000000 57.599998 70.599998 81.199997 81.599998 70.599998 83.800003 84.000000 72.800003 83.400002 58.000000 76.599998 0.000000 0.000000
62.799999 62.400002 67.199997 88.000000 73.800003 72.000000 80.000000 57.599998 70.599998 81.199997 81.599998 70.599998 83.800003 84.000000 72.800003 83.400002 58.000000 76.599998 75.199997 0.000000
62.799999 62.400002 67.199997 88.000000 73.800003 72.000000 80.000000 57.599998 70.599998 81.199997 81.599998 70.599998 83.800003 84.000000 72.800003 83.400002 58.000000 76.599998 75.199997 71.800003
